6
70
0
1
2
3
4
5
6
7
8
9
10
11
12
13
14
15
16
17
18
19
20
21
22
23
24
25
26
27
28
29
30
31
32
33
34
35
36
37
38
39
40
41
42
43
44
45
46
47
48
49
50
51
52
53
54
55
56
57
58
59
60
61
62
63
64
65
66
67
68
69
141
18 6 2
18 9 0
20 4 5
21 9 0
22 9 0
23 9 0
24 9 0
26 8 4
26 9 0
27 4 5
28 4 13
29 3 3
29 4 31
29 7 3
29 9 0
29 12 9
29 16 7
30 4 9
31 3 1
31 4 45
31 6 2
31 9 0
31 17 8
32 4 6
32 6 2
33 4 1
33 8 4
33 9 0
33 16 7
34 1 2
34 3 1
34 4 97
34 8 4
34 9 0
35 1 4
37 8 4
37 9 0
38 9 0
39 4 10
40 4 1
41 3 1
41 4 107
41 9 0
41 16 7
42 0 1
42 1 2
42 3 10
42 4 125
42 6 2
42 8 4
42 9 0
42 10 1
42 11 2
42 16 7
42 17 8
43 0 1
43 3 1
43 9 0
44 4 1
45 1 1
45 4 9
45 9 0
46 1 1
46 4 12
46 6 2
46 8 4
46 9 0
47 0 1
47 4 88
47 5 0
47 6 2
47 8 4
47 9 0
47 11 2
47 17 8
48 6 2
48 9 0
48 17 8
49 5 0
49 9 0
50 1 1
50 3 1
50 4 63
50 5 0
50 9 0
52 2 2
52 3 4
52 4 6
52 8 4
52 9 0
52 11 2
52 13 4
52 16 7
52 17 8
53 4 1
53 6 2
54 0 1
54 3 1
54 4 12
54 11 2
54 14 5
54 16 7
55 3 1
55 4 4
55 9 0
55 14 5
55 17 8
56 8 4
57 12 3
57 17 8
58 4 1
58 6 2
58 9 0
60 0 2
60 2 1
60 3 5
60 4 51
60 6 2
60 8 4
60 9 0
60 10 1
60 11 2
60 13 4
60 16 7
60 17 8
61 1 1
61 3 1
61 4 53
61 6 2
61 9 0
62 1 1
62 4 40
62 6 2
62 8 4
62 9 0
62 11 2
62 15 6
62 17 8
63 4 6
64 4 6
67 17 8
